 MPI: Number of processes=           8  My rank=           6
 MPI: I am processor yashs-mac
 MPI: Number of processes=           8  My rank=           7
 MPI: I am processor yashs-mac
 MPI: Number of processes=           8  My rank=           3
 MPI: I am processor yashs-mac
 MPI: Number of processes=           8  My rank=           5
 MPI: I am processor yashs-mac
 MPI: Number of processes=           8  My rank=           2
 MPI: I am processor yashs-mac
 MPI: Number of processes=           8  My rank=           1
 MPI: I am processor yashs-mac
 MPI: Number of processes=           8  My rank=           4
 MPI: Number of processes=           8  My rank=           0
 MPI: I am processor yashs-mac
 MPI: I am processor yashs-mac
MPI VERSION
GLOBAL AWAKENING ON:
Thu Apr 16 22:45:51 EDT 2026
CPU NODE:
yashs-mac
 
 xx:   4.0107044976138706     
           1           7           1   1.3999999761581421     
           1          19           2   1.4120490276343625     
           1          31           3   1.4120490276343625     
 atom:           1  has:            3 neighbors
           2          17           1   1.3999999761576103     
           2          20           2   1.4120490276338364     
           2          41           3   1.4120490276342215     
 atom:           2  has:            3 neighbors
           3          15           1   1.3999999761576103     
           3          24           2   1.4120490276342217     
           3          39           3   1.4120490276342217     
 atom:           3  has:            3 neighbors
           4          13           1   1.3999999761581430     
           4          23           2   1.4120490276343620     
           4          37           3   1.4120490276343620     
 atom:           4  has:            3 neighbors
           5          11           1   1.3999999761576103     
           5          22           2   1.4120490276342219     
           5          35           3   1.4120490276342215     
 atom:           5  has:            3 neighbors
           6           9           1   1.3999999761576103     
           6          21           2   1.4120490276342217     
           6          33           3   1.4120490276342217     
 atom:           6  has:            3 neighbors
           7           1           1   1.3999999761581421     
           7          10           2   1.4120490276338364     
           7          25           3   1.4120490276343625     
 atom:           7  has:            3 neighbors
           8           9           1   1.4120490276338364     
           8          19           2   1.3999999761581421     
           8          43           3   1.4120490276343627     
 atom:           8  has:            3 neighbors
           9           6           1   1.3999999761576103     
           9           8           2   1.4120490276338364     
           9          30           3   1.4120490276342215     
 atom:           9  has:            3 neighbors
          10           7           1   1.4120490276338364     
          10          20           2   1.3999999761587552     
          10          44           3   1.4120490276338362     
 atom:          10  has:            3 neighbors
          11           5           1   1.3999999761576103     
          11          18           2   1.4120490276351338     
          11          29           3   1.4120490276342217     
 atom:          11  has:            3 neighbors
          12          17           1   1.4120490276351338     
          12          24           2   1.3999999761576101     
          12          48           3   1.4120490276342215     
 atom:          12  has:            3 neighbors
          13           4           1   1.3999999761581430     
          13          16           2   1.4120490276338362     
          13          28           3   1.4120490276343620     
 atom:          13  has:            3 neighbors
          14          15           1   1.4120490276338362     
          14          23           2   1.3999999761581434     
          14          47           3   1.4120490276343620     
 atom:          14  has:            3 neighbors
          15           3           1   1.3999999761576103     
          15          14           2   1.4120490276338362     
          15          27           3   1.4120490276342215     
 atom:          15  has:            3 neighbors
          16          13           1   1.4120490276338362     
          16          22           2   1.3999999761576101     
          16          46           3   1.4120490276342215     
 atom:          16  has:            3 neighbors
          17           2           1   1.3999999761576103     
          17          12           2   1.4120490276351338     
          17          26           3   1.4120490276342217     
 atom:          17  has:            3 neighbors
          18          11           1   1.4120490276351338     
          18          21           2   1.3999999761576101     
          18          45           3   1.4120490276342215     
 atom:          18  has:            3 neighbors
          19           1           1   1.4120490276343625     
          19           8           2   1.3999999761581421     
          19          32           3   1.4120490276343625     
 atom:          19  has:            3 neighbors
          20           2           1   1.4120490276338364     
          20          10           2   1.3999999761587552     
          20          34           3   1.4120490276338362     
 atom:          20  has:            3 neighbors
          21           6           1   1.4120490276342217     
          21          18           2   1.3999999761576101     
          21          42           3   1.4120490276342215     
 atom:          21  has:            3 neighbors
          22           5           1   1.4120490276342219     
          22          16           2   1.3999999761576101     
          22          40           3   1.4120490276342215     
 atom:          22  has:            3 neighbors
          23           4           1   1.4120490276343620     
          23          14           2   1.3999999761581434     
          23          38           3   1.4120490276343620     
 atom:          23  has:            3 neighbors
          24           3           1   1.4120490276342217     
          24          12           2   1.3999999761576101     
          24          36           3   1.4120490276342215     
 atom:          24  has:            3 neighbors
          25           7           1   1.4120490276343625     
          25          41           2   1.3999999761569972     
          25          65           3   1.4120490276347477     
 atom:          25  has:            3 neighbors
          26          17           1   1.4120490276342217     
          26          39           2   1.3999999761593707     
          26          63           3   1.4120490276333095     
 atom:          26  has:            3 neighbors
          27          15           1   1.4120490276342215     
          27          37           2   1.3999999761569977     
          27          61           3   1.4120490276347475     
 atom:          27  has:            3 neighbors
          28          13           1   1.4120490276343620     
          28          35           2   1.3999999761569977     
          28          59           3   1.4120490276347475     
 atom:          28  has:            3 neighbors
          29          11           1   1.4120490276342217     
          29          33           2   1.3999999761593707     
          29          57           3   1.4120490276333095     
 atom:          29  has:            3 neighbors
          30           9           1   1.4120490276342215     
          30          31           2   1.3999999761569972     
          30          55           3   1.4120490276347477     
 atom:          30  has:            3 neighbors
          31           1           1   1.4120490276343625     
          31          30           2   1.3999999761569972     
          31          54           3   1.4120490276347477     
 atom:          31  has:            3 neighbors
          32          19           1   1.4120490276343625     
          32          44           2   1.3999999761581425     
          32          68           3   1.4120490276343627     
 atom:          32  has:            3 neighbors
          33           6           1   1.4120490276342217     
          33          29           2   1.3999999761593707     
          33          53           3   1.4120490276333095     
 atom:          33  has:            3 neighbors
          34          20           1   1.4120490276338362     
          34          48           2   1.3999999761593711     
          34          72           3   1.4120490276333093     
 atom:          34  has:            3 neighbors
          35           5           1   1.4120490276342215     
          35          28           2   1.3999999761569977     
          35          52           3   1.4120490276347475     
 atom:          35  has:            3 neighbors
          36          24           1   1.4120490276342215     
          36          47           2   1.3999999761569981     
          36          71           3   1.4120490276347473     
 atom:          36  has:            3 neighbors
          37           4           1   1.4120490276343620     
          37          27           2   1.3999999761569977     
          37          51           3   1.4120490276347475     
 atom:          37  has:            3 neighbors
          38          23           1   1.4120490276343620     
          38          46           2   1.3999999761569977     
          38          70           3   1.4120490276347475     
 atom:          38  has:            3 neighbors
          39           3           1   1.4120490276342217     
          39          26           2   1.3999999761593707     
          39          50           3   1.4120490276333095     
 atom:          39  has:            3 neighbors
          40          22           1   1.4120490276342215     
          40          45           2   1.3999999761593711     
          40          69           3   1.4120490276333093     
 atom:          40  has:            3 neighbors
          41           2           1   1.4120490276342215     
          41          25           2   1.3999999761569972     
          41          49           3   1.4120490276347477     
 atom:          41  has:            3 neighbors
          42          21           1   1.4120490276342215     
          42          43           2   1.3999999761569972     
          42          67           3   1.4120490276347477     
 atom:          42  has:            3 neighbors
          43           8           1   1.4120490276343627     
          43          42           2   1.3999999761569972     
          43          66           3   1.4120490276347477     
 atom:          43  has:            3 neighbors
          44          10           1   1.4120490276338362     
          44          32           2   1.3999999761581425     
          44          56           3   1.4120490276343627     
 atom:          44  has:            3 neighbors
          45          18           1   1.4120490276342215     
          45          40           2   1.3999999761593711     
          45          64           3   1.4120490276333093     
 atom:          45  has:            3 neighbors
          46          16           1   1.4120490276342215     
          46          38           2   1.3999999761569977     
          46          62           3   1.4120490276347475     
 atom:          46  has:            3 neighbors
          47          14           1   1.4120490276343620     
          47          36           2   1.3999999761569981     
          47          60           3   1.4120490276347473     
 atom:          47  has:            3 neighbors
          48          12           1   1.4120490276342215     
          48          34           2   1.3999999761593711     
          48          58           3   1.4120490276333093     
 atom:          48  has:            3 neighbors
          49          41           1   1.4120490276347477     
          49          63           2   1.3999999761587569     
          49          87           3   1.4120490276338356     
 atom:          49  has:            3 neighbors
          50          39           1   1.4120490276333095     
          50          61           2   1.3999999761587574     
          50          85           3   1.4120490276338356     
 atom:          50  has:            3 neighbors
          51          37           1   1.4120490276347475     
          51          59           2   1.3999999761558519     
          51          83           3   1.4120490276351330     
 atom:          51  has:            3 neighbors
          52          35           1   1.4120490276347475     
          52          57           2   1.3999999761587574     
          52          81           3   1.4120490276338353     
 atom:          52  has:            3 neighbors
          53          33           1   1.4120490276333095     
          53          55           2   1.3999999761587569     
          53          79           3   1.4120490276338358     
 atom:          53  has:            3 neighbors
          54          31           1   1.4120490276347477     
          54          65           2   1.3999999761558519     
          54          89           3   1.4120490276351330     
 atom:          54  has:            3 neighbors
          55          30           1   1.4120490276347477     
          55          53           2   1.3999999761587569     
          55          77           3   1.4120490276338356     
 atom:          55  has:            3 neighbors
          56          44           1   1.4120490276343627     
          56          72           2   1.3999999761587567     
          56          96           3   1.4120490276338356     
 atom:          56  has:            3 neighbors
          57          29           1   1.4120490276333095     
          57          52           2   1.3999999761587574     
          57          76           3   1.4120490276338356     
 atom:          57  has:            3 neighbors
          58          48           1   1.4120490276333093     
          58          71           2   1.3999999761587580     
          58          95           3   1.4120490276338351     
 atom:          58  has:            3 neighbors
          59          28           1   1.4120490276347475     
          59          51           2   1.3999999761558519     
          59          75           3   1.4120490276351330     
 atom:          59  has:            3 neighbors
          60          47           1   1.4120490276347473     
          60          70           2   1.3999999761558519     
          60          94           3   1.4120490276351327     
 atom:          60  has:            3 neighbors
          61          27           1   1.4120490276347475     
          61          50           2   1.3999999761587574     
          61          74           3   1.4120490276338353     
 atom:          61  has:            3 neighbors
          62          46           1   1.4120490276347475     
          62          69           2   1.3999999761587572     
          62          93           3   1.4120490276338353     
 atom:          62  has:            3 neighbors
          63          26           1   1.4120490276333095     
          63          49           2   1.3999999761587569     
          63          73           3   1.4120490276338358     
 atom:          63  has:            3 neighbors
          64          45           1   1.4120490276333093     
          64          67           2   1.3999999761587574     
          64          91           3   1.4120490276338353     
 atom:          64  has:            3 neighbors
          65          25           1   1.4120490276347477     
          65          54           2   1.3999999761558519     
          65          78           3   1.4120490276351330     
 atom:          65  has:            3 neighbors
          66          43           1   1.4120490276347477     
          66          68           2   1.3999999761569968     
          66          92           3   1.4120490276347477     
 atom:          66  has:            3 neighbors
          67          42           1   1.4120490276347477     
          67          64           2   1.3999999761587574     
          67          88           3   1.4120490276338356     
 atom:          67  has:            3 neighbors
          68          32           1   1.4120490276343627     
          68          66           2   1.3999999761569968     
          68          90           3   1.4120490276347479     
 atom:          68  has:            3 neighbors
          69          40           1   1.4120490276333093     
          69          62           2   1.3999999761587572     
          69          86           3   1.4120490276338356     
 atom:          69  has:            3 neighbors
          70          38           1   1.4120490276347475     
          70          60           2   1.3999999761558519     
          70          84           3   1.4120490276351330     
 atom:          70  has:            3 neighbors
          71          36           1   1.4120490276347473     
          71          58           2   1.3999999761587580     
          71          82           3   1.4120490276338351     
 atom:          71  has:            3 neighbors
          72          34           1   1.4120490276333093     
          72          56           2   1.3999999761587567     
          72          80           3   1.4120490276338358     
 atom:          72  has:            3 neighbors
          73          63           1   1.4120490276338358     
          73          85           2   1.3999999761581430     
          73         109           3   1.4120490276343629     
 atom:          73  has:            3 neighbors
          74          61           1   1.4120490276338353     
          74          83           2   1.3999999761576107     
          74         107           3   1.4120490276342221     
 atom:          74  has:            3 neighbors
          75          59           1   1.4120490276351330     
          75          81           2   1.3999999761576107     
          75         105           3   1.4120490276342221     
 atom:          75  has:            3 neighbors
          76          57           1   1.4120490276338356     
          76          79           2   1.3999999761581430     
          76         103           3   1.4120490276343629     
 atom:          76  has:            3 neighbors
          77          55           1   1.4120490276338356     
          77          89           2   1.3999999761576107     
          77         113           3   1.4120490276342221     
 atom:          77  has:            3 neighbors
          78          65           1   1.4120490276351330     
          78          87           2   1.3999999761576107     
          78         111           3   1.4120490276342221     
 atom:          78  has:            3 neighbors
          79          53           1   1.4120490276338358     
          79          76           2   1.3999999761581430     
          79         100           3   1.4120490276343629     
 atom:          79  has:            3 neighbors
          80          72           1   1.4120490276338358     
          80          95           2   1.3999999761581432     
          80         119           3   1.4120490276343629     
 atom:          80  has:            3 neighbors
          81          52           1   1.4120490276338353     
          81          75           2   1.3999999761576107     
          81          99           3   1.4120490276342221     
 atom:          81  has:            3 neighbors
          82          71           1   1.4120490276338351     
          82          94           2   1.3999999761576110     
          82         118           3   1.4120490276342221     
 atom:          82  has:            3 neighbors
          83          51           1   1.4120490276351330     
          83          74           2   1.3999999761576107     
          83          98           3   1.4120490276342221     
 atom:          83  has:            3 neighbors
          84          70           1   1.4120490276351330     
          84          93           2   1.3999999761576107     
          84         117           3   1.4120490276342221     
 atom:          84  has:            3 neighbors
          85          50           1   1.4120490276338356     
          85          73           2   1.3999999761581430     
          85          97           3   1.4120490276343629     
 atom:          85  has:            3 neighbors
          86          69           1   1.4120490276338356     
          86          91           2   1.3999999761581428     
          86         115           3   1.4120490276343629     
 atom:          86  has:            3 neighbors
          87          49           1   1.4120490276338356     
          87          78           2   1.3999999761576107     
          87         102           3   1.4120490276342221     
 atom:          87  has:            3 neighbors
          88          67           1   1.4120490276338356     
          88          92           2   1.3999999761587558     
          88         116           3   1.4120490276338369     
 atom:          88  has:            3 neighbors
          89          54           1   1.4120490276351330     
          89          77           2   1.3999999761576107     
          89         101           3   1.4120490276342221     
 atom:          89  has:            3 neighbors
          90          68           1   1.4120490276347479     
          90          96           2   1.3999999761576107     
          90         120           3   1.4120490276342221     
 atom:          90  has:            3 neighbors
          91          64           1   1.4120490276338353     
          91          86           2   1.3999999761581428     
          91         110           3   1.4120490276343631     
 atom:          91  has:            3 neighbors
          92          66           1   1.4120490276347477     
          92          88           2   1.3999999761587558     
          92         112           3   1.4120490276338371     
 atom:          92  has:            3 neighbors
          93          62           1   1.4120490276338353     
          93          84           2   1.3999999761576107     
          93         108           3   1.4120490276342221     
 atom:          93  has:            3 neighbors
          94          60           1   1.4120490276351327     
          94          82           2   1.3999999761576110     
          94         106           3   1.4120490276342221     
 atom:          94  has:            3 neighbors
          95          58           1   1.4120490276338351     
          95          80           2   1.3999999761581432     
          95         104           3   1.4120490276343627     
 atom:          95  has:            3 neighbors
          96          56           1   1.4120490276338356     
          96          90           2   1.3999999761576107     
          96         114           3   1.4120490276342221     
 atom:          96  has:            3 neighbors
          97          85           1   1.4120490276343629     
          97         107           2   1.3999999761569977     
          97         131           3   1.4120490276347475     
 atom:          97  has:            3 neighbors
          98          83           1   1.4120490276342221     
          98         105           2   1.3999999761593709     
          98         129           3   1.4120490276333089     
 atom:          98  has:            3 neighbors
          99          81           1   1.4120490276342221     
          99         103           2   1.3999999761569977     
          99         127           3   1.4120490276347473     
 atom:          99  has:            3 neighbors
         100          79           1   1.4120490276343629     
         100         113           2   1.3999999761569981     
         100         137           3   1.4120490276347473     
 atom:         100  has:            3 neighbors
         101          89           1   1.4120490276342221     
         101         111           2   1.3999999761593709     
         101         135           3   1.4120490276333089     
 atom:         101  has:            3 neighbors
         102          87           1   1.4120490276342221     
         102         109           2   1.3999999761569981     
         102         133           3   1.4120490276347470     
 atom:         102  has:            3 neighbors
         103          76           1   1.4120490276343629     
         103          99           2   1.3999999761569977     
         103         123           3   1.4120490276347475     
 atom:         103  has:            3 neighbors
         104          95           1   1.4120490276343627     
         104         118           2   1.3999999761569974     
         104         142           3   1.4120490276347475     
 atom:         104  has:            3 neighbors
         105          75           1   1.4120490276342221     
         105          98           2   1.3999999761593709     
         105         122           3   1.4120490276333089     
 atom:         105  has:            3 neighbors
         106          94           1   1.4120490276342221     
         106         117           2   1.3999999761593709     
         106         141           3   1.4120490276333093     
 atom:         106  has:            3 neighbors
         107          74           1   1.4120490276342221     
         107          97           2   1.3999999761569977     
         107         121           3   1.4120490276347473     
 atom:         107  has:            3 neighbors
         108          93           1   1.4120490276342221     
         108         115           2   1.3999999761569979     
         108         139           3   1.4120490276347473     
 atom:         108  has:            3 neighbors
         109          73           1   1.4120490276343629     
         109         102           2   1.3999999761569981     
         109         126           3   1.4120490276347473     
 atom:         109  has:            3 neighbors
         110          91           1   1.4120490276343631     
         110         116           2   1.3999999761581432     
         110         140           3   1.4120490276343620     
 atom:         110  has:            3 neighbors
         111          78           1   1.4120490276342221     
         111         101           2   1.3999999761593709     
         111         125           3   1.4120490276333089     
 atom:         111  has:            3 neighbors
         112          92           1   1.4120490276338371     
         112         120           2   1.3999999761593709     
         112         144           3   1.4120490276333093     
 atom:         112  has:            3 neighbors
         113          77           1   1.4120490276342221     
         113         100           2   1.3999999761569981     
         113         124           3   1.4120490276347470     
 atom:         113  has:            3 neighbors
         114          96           1   1.4120490276342221     
         114         119           2   1.3999999761569983     
         114         143           3   1.4120490276347470     
 atom:         114  has:            3 neighbors
         115          86           1   1.4120490276343629     
         115         108           2   1.3999999761569979     
         115         132           3   1.4120490276347473     
 atom:         115  has:            3 neighbors
         116          88           1   1.4120490276338369     
         116         110           2   1.3999999761581432     
         116         134           3   1.4120490276343620     
 atom:         116  has:            3 neighbors
         117          84           1   1.4120490276342221     
         117         106           2   1.3999999761593709     
         117         130           3   1.4120490276333091     
 atom:         117  has:            3 neighbors
         118          82           1   1.4120490276342221     
         118         104           2   1.3999999761569974     
         118         128           3   1.4120490276347475     
 atom:         118  has:            3 neighbors
         119          80           1   1.4120490276343629     
         119         114           2   1.3999999761569983     
         119         138           3   1.4120490276347470     
 atom:         119  has:            3 neighbors
         120          90           1   1.4120490276342221     
         120         112           2   1.3999999761593709     
         120         136           3   1.4120490276333091     
 atom:         120  has:            3 neighbors
         121         107           1   1.4120490276347473     
         121         129           2   1.3999999761587549     
 atom:         121  has:            2 neighbors
         122         105           1   1.4120490276333089     
         122         127           2   1.3999999761587549     
 atom:         122  has:            2 neighbors
         123         103           1   1.4120490276347475     
         123         137           2   1.3999999761558497     
 atom:         123  has:            2 neighbors
         124         113           1   1.4120490276347470     
         124         135           2   1.3999999761587556     
 atom:         124  has:            2 neighbors
         125         111           1   1.4120490276333089     
         125         133           2   1.3999999761587556     
 atom:         125  has:            2 neighbors
         126         109           1   1.4120490276347473     
         126         131           2   1.3999999761558497     
 atom:         126  has:            2 neighbors
         127          99           1   1.4120490276347473     
         127         122           2   1.3999999761587549     
 atom:         127  has:            2 neighbors
         128         118           1   1.4120490276347475     
         128         141           2   1.3999999761587549     
 atom:         128  has:            2 neighbors
         129          98           1   1.4120490276333089     
         129         121           2   1.3999999761587549     
 atom:         129  has:            2 neighbors
         130         117           1   1.4120490276333091     
         130         139           2   1.3999999761587549     
 atom:         130  has:            2 neighbors
         131          97           1   1.4120490276347475     
         131         126           2   1.3999999761558497     
 atom:         131  has:            2 neighbors
         132         115           1   1.4120490276347473     
         132         140           2   1.3999999761569952     
 atom:         132  has:            2 neighbors
         133         102           1   1.4120490276347470     
         133         125           2   1.3999999761587556     
 atom:         133  has:            2 neighbors
         134         116           1   1.4120490276343620     
         134         144           2   1.3999999761587552     
 atom:         134  has:            2 neighbors
         135         101           1   1.4120490276333089     
         135         124           2   1.3999999761587556     
 atom:         135  has:            2 neighbors
         136         120           1   1.4120490276333091     
         136         143           2   1.3999999761587554     
 atom:         136  has:            2 neighbors
         137         100           1   1.4120490276347473     
         137         123           2   1.3999999761558497     
 atom:         137  has:            2 neighbors
         138         119           1   1.4120490276347470     
         138         142           2   1.3999999761558499     
 atom:         138  has:            2 neighbors
         139         108           1   1.4120490276347473     
         139         130           2   1.3999999761587549     
 atom:         139  has:            2 neighbors
         140         110           1   1.4120490276343620     
         140         132           2   1.3999999761569952     
 atom:         140  has:            2 neighbors
         141         106           1   1.4120490276333093     
         141         128           2   1.3999999761587549     
 atom:         141  has:            2 neighbors
         142         104           1   1.4120490276347475     
         142         138           2   1.3999999761558499     
 atom:         142  has:            2 neighbors
         143         114           1   1.4120490276347470     
         143         136           2   1.3999999761587554     
 atom:         143  has:            2 neighbors
         144         112           1   1.4120490276333093     
         144         134           2   1.3999999761587552     
 atom:         144  has:            2 neighbors
LOOK AT AND EDIT FILE NAMED CLUSTER, THEN RERUN
 
TIME FOR EXECUTION OF UNRAVEL (PART 1):             0.000
TIME FOR EXECUTION OF UNRAVEL (PART 2):             0.000
TIME FOR EXECUTION OF THIS NEAT PROGRAM:            0.005
HOPE TO SEE YOU AGAIN VERY SOON :-)
  
 MPI: Total Wall clock TIME =    9.6367999999999787E-002
  
 Ending MPI
 Ending MPI
 Ending MPI
 Ending MPI
 ***********************
 MPI Node       CPU time
 -----------------------
     1             0.00
     2             0.00
     3             0.00
     4             0.00
     5             0.00
     6             0.00
     7             0.00
 ***************************************************
 Ending MPI
 Ending MPI
 Ending MPI
 Ending MPI
