   2          TOTAL NUMBER OF ATOM TYPES
   3   3      ELECTRONIC AND NUCLEAR CHARGE
ALL           ALL-ELECTRON ATOM TYPE
   1          NUMBER OF ATOMS OF TYPE LIT
ALL-LIT001
EXTRABASIS    CONTROLS USAGE OF SUPPLEMENTARY BASIS FUNCTIONS
  10          NUMBER OF BARE GAUSSIANS
   2   1   0  NUMBER OF S,P,D FUNCTIONS
   3   3   2  SUPPLEMENTARY S,P,D FUNCTIONS
       0.3200240670D+04       0.4779615230D+03       0.1084647210D+03
       0.3062291260D+02       0.9925916020D+01       0.3488695020D+01
       0.1282134160D+01       0.4669418700D+00       0.7604788000D-01
       0.2827845000D-01

       0.8712127970D-01       0.1630302470D+00       0.2788233300D+00
       0.4319998930D+00       0.5652239500D+00       0.5608062820D+00
       0.3635956650D+00       0.9247100940D-01       0.1032823840D-02
      -0.1554368470D-03

      -0.1556842590D-01      -0.2908898240D-01      -0.5014645120D-01
      -0.7837526140D-01      -0.1071018980D+00      -0.1167506530D+00
      -0.9875812840D-01      -0.4008144940D-01       0.5362593440D-01
       0.2817833410D-01

       0.0000000000D+00       0.0000000000D+00       0.0000000000D+00
       0.0000000000D+00       0.0000000000D+00       0.0000000000D+00
       0.0000000000D+00       0.1000000000D+01       0.0000000000D+00
       0.0000000000D+00

       0.0000000000D+00       0.0000000000D+00       0.0000000000D+00
       0.0000000000D+00       0.0000000000D+00       0.0000000000D+00
       0.0000000000D+00       0.0000000000D+00       0.1000000000D+01
       0.0000000000D+00

       0.0000000000D+00       0.0000000000D+00       0.0000000000D+00
       0.0000000000D+00       0.0000000000D+00       0.0000000000D+00
       0.0000000000D+00       0.0000000000D+00       0.0000000000D+00
       0.1000000000D+01

       0.0000000000D+00       0.0000000000D+00       0.0000000000D+00
       0.0000000000D+00       0.0000000000D+00       0.0000000000D+00
       0.1000000000D+01       0.0000000000D+00       0.0000000000D+00
       0.0000000000D+00

       0.0000000000D+00       0.0000000000D+00       0.0000000000D+00
       0.0000000000D+00       0.0000000000D+00       0.0000000000D+00
       0.0000000000D+00       0.1000000000D+01       0.0000000000D+00
       0.0000000000D+00

       0.0000000000D+00       0.0000000000D+00       0.0000000000D+00
       0.0000000000D+00       0.0000000000D+00       0.0000000000D+00
       0.0000000000D+00       0.0000000000D+00       0.1000000000D+01
       0.0000000000D+00

       0.0000000000D+00       0.0000000000D+00       0.0000000000D+00
       0.0000000000D+00       0.0000000000D+00       0.0000000000D+00
       0.0000000000D+00       0.0000000000D+00       0.0000000000D+00
       0.1000000000D+01

       0.0000000000D+00       0.0000000000D+00       0.0000000000D+00
       0.0000000000D+00       0.0000000000D+00       0.0000000000D+00
       0.0000000000D+00       0.1000000000D+01       0.0000000000D+00
       0.0000000000D+00

       0.0000000000D+00       0.0000000000D+00       0.0000000000D+00
       0.0000000000D+00       0.0000000000D+00       0.0000000000D+00
       0.0000000000D+00       0.0000000000D+00       0.1000000000D+01
       0.0000000000D+00

   9   9      ELECTRONIC AND NUCLEAR CHARGE
ALL           ALL-ELECTRON ATOM TYPE
   1          NUMBER OF ATOMS OF TYPE FLU
ALL-FLU001
EXTRABASIS    CONTROLS USAGE OF SUPPLEMENTARY BASIS FUNCTIONS
  14          NUMBER OF BARE GAUSSIANS
   3   2   0  NUMBER OF S,P,D FUNCTIONS
   2   2   4  SUPPLEMENTARY S,P,D FUNCTIONS
       0.1231742220D+06       0.1865493160D+05       0.4284660370D+04
       0.1223150920D+04       0.4016733760D+03       0.1457852270D+03
       0.5694551760D+02       0.2349311190D+02       0.1003418550D+02
       0.4343769680D+01       0.1868203030D+01       0.7806879100D+00
       0.3149846100D+00       0.1181861600D+00

       0.2355763350D+00       0.4376225000D+00       0.7524712120D+00
       0.1216638020D+01       0.1845316540D+01       0.2551384850D+01
       0.3004077050D+01       0.2682876730D+01       0.1405497250D+01
       0.2609771830D+00       0.2555561480D-02       0.7546130340D-03
      -0.1646029690D-03       0.2082887950D-04

      -0.5583942250D-01      -0.1035858050D+00      -0.1788144750D+00
      -0.2894265580D+00      -0.4466115800D+00      -0.6343658820D+00
      -0.8145208580D+00      -0.8538368980D+00      -0.6447789780D+00
      -0.1142431720D+00       0.3167190590D+00       0.3041863400D+00
       0.1005780670D+00       0.4817488440D-02

       0.0000000000D+00       0.0000000000D+00       0.0000000000D+00
       0.0000000000D+00       0.0000000000D+00       0.0000000000D+00
       0.0000000000D+00       0.0000000000D+00       0.0000000000D+00
       0.0000000000D+00       0.0000000000D+00       0.1000000000D+01
       0.0000000000D+00       0.0000000000D+00

       0.0000000000D+00       0.0000000000D+00       0.0000000000D+00
       0.0000000000D+00       0.0000000000D+00       0.0000000000D+00
       0.0000000000D+00       0.0000000000D+00       0.0000000000D+00
       0.0000000000D+00       0.0000000000D+00       0.0000000000D+00
       0.1000000000D+01       0.0000000000D+00

       0.0000000000D+00       0.0000000000D+00       0.0000000000D+00
       0.0000000000D+00       0.0000000000D+00       0.0000000000D+00
       0.0000000000D+00       0.0000000000D+00       0.0000000000D+00
       0.0000000000D+00       0.0000000000D+00       0.0000000000D+00
       0.0000000000D+00       0.1000000000D+01

       0.4900854750D-01       0.9059901630D-01       0.1569389330D+00
       0.2549422150D+00       0.3969983700D+00       0.5817501900D+00
       0.7854593500D+00       0.9713952850D+00       0.1017485400D+01
       0.8881348760D+00       0.5325776020D+00       0.2097448310D+00
       0.5358788830D-01       0.5596492130D-02

       0.0000000000D+00       0.0000000000D+00       0.0000000000D+00
       0.0000000000D+00       0.0000000000D+00       0.0000000000D+00
       0.0000000000D+00       0.0000000000D+00       0.0000000000D+00
       0.0000000000D+00       0.0000000000D+00       0.1000000000D+01
       0.0000000000D+00       0.0000000000D+00

       0.0000000000D+00       0.0000000000D+00       0.0000000000D+00
       0.0000000000D+00       0.0000000000D+00       0.0000000000D+00
       0.0000000000D+00       0.0000000000D+00       0.0000000000D+00
       0.0000000000D+00       0.0000000000D+00       0.0000000000D+00
       0.1000000000D+01       0.0000000000D+00

       0.0000000000D+00       0.0000000000D+00       0.0000000000D+00
       0.0000000000D+00       0.0000000000D+00       0.0000000000D+00
       0.0000000000D+00       0.0000000000D+00       0.0000000000D+00
       0.0000000000D+00       0.0000000000D+00       0.0000000000D+00
       0.0000000000D+00       0.1000000000D+01

       0.0000000000D+00       0.0000000000D+00       0.0000000000D+00
       0.0000000000D+00       0.0000000000D+00       0.0000000000D+00
       0.0000000000D+00       0.0000000000D+00       0.0000000000D+00
       0.0000000000D+00       0.1000000000D+01       0.0000000000D+00
       0.0000000000D+00       0.0000000000D+00

       0.0000000000D+00       0.0000000000D+00       0.0000000000D+00
       0.0000000000D+00       0.0000000000D+00       0.0000000000D+00
       0.0000000000D+00       0.0000000000D+00       0.0000000000D+00
       0.0000000000D+00       0.0000000000D+00       0.1000000000D+01
       0.0000000000D+00       0.0000000000D+00

       0.0000000000D+00       0.0000000000D+00       0.0000000000D+00
       0.0000000000D+00       0.0000000000D+00       0.0000000000D+00
       0.0000000000D+00       0.0000000000D+00       0.0000000000D+00
       0.0000000000D+00       0.0000000000D+00       0.0000000000D+00
       0.1000000000D+01       0.0000000000D+00

       0.0000000000D+00       0.0000000000D+00       0.0000000000D+00
       0.0000000000D+00       0.0000000000D+00       0.0000000000D+00
       0.0000000000D+00       0.0000000000D+00       0.0000000000D+00
       0.0000000000D+00       0.0000000000D+00       0.0000000000D+00
       0.0000000000D+00       0.1000000000D+01

ELECTRONS
WFOUT
